blocks is x1 y1, threads is 128, smem size is 24576
0.502 0.479 0.504 0.424 0.418 0.490 0.489 0.464 0.518 0.592 0.519 0.508 0.507 0.555 0.467 0.527 0.440 0.464 0.438 0.502 0.448 0.474 0.537 0.469 0.506 0.493 0.512 0.527 0.478 0.533 0.534 0.484 0.452 0.492 0.558 0.527 0.583 0.439 0.488 0.485 0.507 0.517 0.457 0.516 0.499 0.507 0.459 0.493 0.502 0.468 0.537 0.542 0.435 0.501 0.491 0.523 0.509 0.536 0.480 0.493 0.488 0.456 0.516 0.514 
0.504 0.471 0.505 0.413 0.420 0.486 0.491 0.462 0.516 0.590 0.519 0.509 0.508 0.555 0.463 0.529 0.446 0.464 0.439 0.497 0.456 0.473 0.539 0.468 0.505 0.494 0.514 0.524 0.472 0.539 0.533 0.491 0.451 0.497 0.561 0.524 0.586 0.440 0.485 0.486 0.508 0.519 0.457 0.506 0.500 0.498 0.460 0.493 0.499 0.458 0.530 0.542 0.434 0.496 0.486 0.519 0.508 0.536 0.479 0.491 0.486 0.459 0.520 0.515 
0.506 0.469 0.499 0.416 0.415 0.484 0.487 0.460 0.510 0.593 0.521 0.510 0.506 0.557 0.466 0.529 0.441 0.462 0.442 0.494 0.456 0.479 0.532 0.466 0.506 0.490 0.509 0.521 0.477 0.539 0.530 0.489 0.452 0.493 0.562 0.527 0.582 0.441 0.485 0.489 0.504 0.521 0.458 0.505 0.495 0.500 0.462 0.490 0.500 0.460 0.534 0.541 0.434 0.503 0.483 0.516 0.509 0.536 0.480 0.490 0.488 0.457 0.521 0.515 
0.510 0.471 0.507 0.414 0.422 0.488 0.489 0.463 0.519 0.593 0.518 0.507 0.501 0.556 0.467 0.527 0.442 0.468 0.436 0.501 0.452 0.477 0.537 0.472 0.500 0.493 0.514 0.528 0.475 0.540 0.538 0.487 0.451 0.498 0.564 0.527 0.583 0.443 0.487 0.488 0.512 0.519 0.461 0.512 0.500 0.504 0.461 0.495 0.500 0.465 0.535 0.541 0.435 0.495 0.489 0.518 0.506 0.538 0.485 0.493 0.487 0.463 0.517 0.513 
0.504 0.475 0.501 0.417 0.427 0.484 0.487 0.460 0.519 0.593 0.517 0.509 0.504 0.557 0.463 0.529 0.440 0.469 0.441 0.501 0.453 0.477 0.534 0.466 0.506 0.501 0.509 0.521 0.473 0.532 0.532 0.485 0.458 0.497 0.550 0.526 0.583 0.443 0.487 0.490 0.509 0.518 0.458 0.513 0.503 0.508 0.462 0.490 0.503 0.467 0.529 0.540 0.430 0.506 0.479 0.528 0.508 0.540 0.484 0.494 0.487 0.460 0.517 0.513 
0.502 0.476 0.500 0.413 0.427 0.483 0.490 0.460 0.518 0.593 0.517 0.505 0.504 0.556 0.466 0.531 0.446 0.466 0.438 0.493 0.457 0.475 0.532 0.465 0.507 0.493 0.513 0.522 0.469 0.532 0.530 0.488 0.451 0.493 0.559 0.529 0.587 0.434 0.484 0.482 0.507 0.521 0.459 0.508 0.502 0.507 0.458 0.499 0.505 0.463 0.534 0.540 0.435 0.493 0.493 0.519 0.511 0.538 0.480 0.498 0.491 0.461 0.515 0.510 
0.503 0.469 0.501 0.415 0.426 0.485 0.490 0.460 0.517 0.590 0.521 0.505 0.499 0.556 0.469 0.531 0.445 0.471 0.437 0.498 0.457 0.475 0.532 0.471 0.500 0.494 0.512 0.530 0.473 0.532 0.533 0.486 0.450 0.495 0.562 0.529 0.586 0.435 0.484 0.483 0.509 0.520 0.458 0.510 0.498 0.506 0.459 0.498 0.501 0.466 0.532 0.542 0.438 0.491 0.487 0.518 0.506 0.536 0.479 0.494 0.492 0.464 0.514 0.508 
0.504 0.471 0.502 0.419 0.422 0.491 0.489 0.463 0.519 0.593 0.519 0.504 0.504 0.554 0.469 0.529 0.445 0.465 0.438 0.501 0.451 0.478 0.533 0.466 0.501 0.492 0.511 0.521 0.475 0.531 0.530 0.487 0.454 0.498 0.557 0.524 0.585 0.441 0.486 0.488 0.507 0.528 0.456 0.512 0.499 0.502 0.458 0.500 0.506 0.466 0.531 0.543 0.432 0.502 0.491 0.528 0.505 0.541 0.479 0.493 0.490 0.460 0.515 0.514 
0.507 0.474 0.505 0.413 0.427 0.483 0.489 0.461 0.519 0.592 0.521 0.508 0.501 0.556 0.462 0.534 0.440 0.470 0.435 0.495 0.453 0.474 0.532 0.467 0.501 0.497 0.510 0.532 0.471 0.532 0.540 0.487 0.454 0.495 0.561 0.523 0.587 0.436 0.490 0.488 0.504 0.511 0.458 0.514 0.506 0.508 0.457 0.491 0.499 0.467 0.532 0.543 0.436 0.495 0.484 0.519 0.503 0.537 0.483 0.493 0.485 0.471 0.518 0.516 
0.504 0.471 0.501 0.407 0.428 0.482 0.494 0.459 0.514 0.589 0.522 0.508 0.503 0.554 0.469 0.533 0.449 0.469 0.436 0.494 0.456 0.475 0.541 0.471 0.501 0.494 0.514 0.523 0.470 0.530 0.529 0.498 0.447 0.495 0.560 0.529 0.582 0.436 0.484 0.482 0.516 0.522 0.463 0.513 0.494 0.502 0.458 0.498 0.496 0.457 0.527 0.541 0.435 0.497 0.487 0.523 0.508 0.538 0.483 0.489 0.491 0.458 0.522 0.512 
0.507 0.469 0.503 0.414 0.424 0.486 0.491 0.461 0.513 0.588 0.518 0.506 0.503 0.558 0.466 0.530 0.446 0.464 0.436 0.505 0.457 0.476 0.537 0.469 0.501 0.497 0.516 0.525 0.468 0.535 0.530 0.489 0.445 0.498 0.562 0.525 0.580 0.441 0.490 0.492 0.512 0.523 0.460 0.513 0.500 0.505 0.456 0.493 0.494 0.463 0.531 0.541 0.436 0.500 0.493 0.523 0.507 0.543 0.479 0.493 0.487 0.459 0.514 0.510 
0.506 0.474 0.513 0.411 0.424 0.484 0.489 0.461 0.517 0.592 0.515 0.507 0.505 0.558 0.461 0.529 0.445 0.471 0.435 0.498 0.454 0.478 0.540 0.463 0.505 0.500 0.504 0.521 0.477 0.530 0.533 0.487 0.451 0.498 0.558 0.525 0.585 0.441 0.496 0.484 0.513 0.514 0.458 0.515 0.500 0.508 0.459 0.491 0.503 0.466 0.524 0.540 0.429 0.498 0.486 0.523 0.506 0.534 0.480 0.493 0.484 0.463 0.518 0.517 
0.503 0.470 0.504 0.418 0.416 0.489 0.489 0.461 0.520 0.595 0.524 0.500 0.502 0.556 0.471 0.533 0.447 0.465 0.438 0.500 0.449 0.479 0.534 0.470 0.506 0.494 0.504 0.526 0.474 0.527 0.532 0.487 0.457 0.494 0.560 0.531 0.585 0.440 0.492 0.485 0.509 0.520 0.460 0.520 0.501 0.503 0.457 0.493 0.502 0.469 0.532 0.541 0.427 0.495 0.486 0.519 0.503 0.535 0.482 0.491 0.489 0.460 0.517 0.513 
0.502 0.472 0.501 0.409 0.430 0.482 0.490 0.461 0.520 0.588 0.521 0.510 0.512 0.556 0.464 0.529 0.441 0.464 0.439 0.493 0.459 0.473 0.533 0.467 0.504 0.489 0.518 0.526 0.467 0.534 0.539 0.490 0.453 0.493 0.554 0.530 0.589 0.431 0.476 0.481 0.506 0.521 0.462 0.505 0.509 0.507 0.455 0.495 0.504 0.460 0.535 0.543 0.442 0.493 0.484 0.516 0.513 0.534 0.477 0.497 0.487 0.464 0.518 0.508 
0.504 0.473 0.503 0.416 0.417 0.480 0.489 0.461 0.523 0.583 0.515 0.507 0.507 0.559 0.470 0.529 0.449 0.461 0.439 0.498 0.450 0.474 0.537 0.467 0.501 0.494 0.514 0.530 0.474 0.534 0.528 0.491 0.454 0.501 0.559 0.522 0.587 0.430 0.488 0.485 0.505 0.521 0.453 0.513 0.498 0.499 0.459 0.499 0.500 0.464 0.531 0.541 0.430 0.499 0.490 0.516 0.506 0.534 0.480 0.491 0.489 0.460 0.513 0.510 
0.506 0.478 0.505 0.409 0.423 0.477 0.490 0.461 0.520 0.584 0.521 0.511 0.506 0.557 0.461 0.532 0.441 0.461 0.437 0.499 0.454 0.472 0.534 0.463 0.504 0.497 0.515 0.532 0.468 0.533 0.539 0.491 0.451 0.493 0.561 0.527 0.587 0.432 0.484 0.483 0.505 0.512 0.454 0.510 0.505 0.506 0.460 0.490 0.500 0.459 0.537 0.542 0.439 0.493 0.490 0.517 0.508 0.532 0.478 0.493 0.486 0.460 0.520 0.508 
0.505 0.475 0.503 0.414 0.415 0.484 0.487 0.461 0.521 0.589 0.521 0.505 0.508 0.556 0.465 0.529 0.445 0.464 0.437 0.505 0.455 0.475 0.533 0.467 0.504 0.496 0.515 0.527 0.470 0.533 0.533 0.485 0.454 0.497 0.556 0.523 0.583 0.441 0.491 0.492 0.507 0.516 0.455 0.517 0.504 0.505 0.462 0.490 0.498 0.467 0.530 0.544 0.432 0.500 0.490 0.519 0.505 0.536 0.478 0.496 0.489 0.462 0.508 0.512 
0.507 0.471 0.507 0.411 0.421 0.482 0.489 0.463 0.522 0.588 0.515 0.510 0.508 0.558 0.470 0.529 0.444 0.464 0.439 0.498 0.454 0.478 0.538 0.468 0.500 0.492 0.514 0.528 0.472 0.542 0.539 0.488 0.453 0.503 0.558 0.521 0.586 0.432 0.481 0.479 0.508 0.525 0.451 0.510 0.503 0.503 0.458 0.500 0.502 0.460 0.538 0.539 0.433 0.499 0.487 0.512 0.509 0.532 0.479 0.495 0.487 0.463 0.515 0.507 
0.507 0.473 0.503 0.413 0.426 0.482 0.490 0.460 0.521 0.587 0.519 0.509 0.509 0.558 0.462 0.533 0.444 0.464 0.438 0.501 0.456 0.471 0.535 0.464 0.502 0.496 0.514 0.532 0.471 0.540 0.536 0.487 0.455 0.496 0.562 0.523 0.588 0.436 0.482 0.487 0.500 0.520 0.451 0.506 0.503 0.499 0.460 0.497 0.502 0.460 0.537 0.541 0.434 0.496 0.489 0.517 0.508 0.538 0.477 0.495 0.486 0.458 0.517 0.510 
0.506 0.475 0.504 0.410 0.424 0.480 0.486 0.460 0.525 0.589 0.519 0.507 0.508 0.559 0.466 0.529 0.448 0.471 0.436 0.498 0.456 0.479 0.534 0.470 0.503 0.493 0.508 0.528 0.472 0.534 0.533 0.489 0.451 0.495 0.561 0.529 0.584 0.432 0.486 0.488 0.504 0.524 0.458 0.516 0.500 0.505 0.463 0.497 0.502 0.469 0.535 0.541 0.431 0.491 0.490 0.518 0.513 0.534 0.481 0.499 0.489 0.463 0.517 0.511 
0.506 0.474 0.504 0.411 0.418 0.481 0.492 0.459 0.514 0.594 0.521 0.508 0.504 0.556 0.467 0.530 0.448 0.463 0.438 0.500 0.454 0.474 0.537 0.463 0.501 0.497 0.511 0.525 0.473 0.534 0.533 0.491 0.448 0.497 0.562 0.524 0.582 0.436 0.488 0.483 0.505 0.525 0.457 0.514 0.496 0.500 0.459 0.501 0.499 0.458 0.532 0.539 0.434 0.503 0.493 0.520 0.509 0.541 0.479 0.487 0.488 0.458 0.520 0.514 
0.505 0.472 0.505 0.408 0.427 0.481 0.490 0.456 0.521 0.589 0.519 0.507 0.504 0.558 0.466 0.533 0.441 0.467 0.438 0.503 0.454 0.478 0.533 0.468 0.504 0.497 0.516 0.526 0.467 0.539 0.532 0.487 0.454 0.495 0.556 0.526 0.582 0.438 0.482 0.482 0.507 0.521 0.458 0.514 0.508 0.510 0.456 0.493 0.502 0.464 0.537 0.540 0.431 0.496 0.492 0.521 0.509 0.535 0.480 0.496 0.491 0.460 0.516 0.508 
0.507 0.474 0.504 0.415 0.430 0.485 0.489 0.462 0.522 0.590 0.515 0.509 0.505 0.553 0.460 0.530 0.445 0.468 0.435 0.498 0.456 0.471 0.534 0.469 0.501 0.492 0.513 0.532 0.473 0.533 0.538 0.486 0.454 0.496 0.561 0.528 0.590 0.439 0.486 0.491 0.505 0.518 0.456 0.503 0.503 0.500 0.460 0.495 0.503 0.460 0.533 0.541 0.438 0.492 0.489 0.522 0.508 0.542 0.479 0.494 0.484 0.462 0.513 0.509 
0.503 0.471 0.507 0.415 0.423 0.485 0.489 0.465 0.517 0.589 0.519 0.510 0.504 0.556 0.474 0.534 0.447 0.468 0.439 0.497 0.445 0.476 0.535 0.466 0.504 0.491 0.513 0.528 0.470 0.528 0.536 0.488 0.449 0.495 0.561 0.522 0.580 0.435 0.490 0.481 0.508 0.525 0.456 0.517 0.502 0.510 0.458 0.503 0.502 0.468 0.534 0.541 0.434 0.502 0.493 0.521 0.504 0.531 0.479 0.493 0.488 0.464 0.520 0.510 
0.508 0.472 0.500 0.411 0.421 0.479 0.491 0.457 0.519 0.587 0.520 0.503 0.502 0.553 0.470 0.532 0.447 0.466 0.437 0.499 0.454 0.478 0.531 0.473 0.499 0.492 0.513 0.526 0.470 0.535 0.531 0.492 0.451 0.496 0.561 0.528 0.581 0.435 0.482 0.487 0.512 0.524 0.461 0.513 0.497 0.505 0.460 0.497 0.500 0.465 0.532 0.546 0.435 0.496 0.487 0.517 0.506 0.537 0.484 0.492 0.494 0.465 0.513 0.511 
0.503 0.470 0.504 0.414 0.418 0.490 0.487 0.464 0.522 0.594 0.520 0.511 0.511 0.554 0.471 0.530 0.442 0.464 0.440 0.503 0.455 0.477 0.532 0.468 0.503 0.494 0.513 0.525 0.473 0.531 0.535 0.485 0.452 0.495 0.552 0.531 0.583 0.441 0.490 0.483 0.505 0.522 0.453 0.516 0.498 0.501 0.461 0.495 0.503 0.465 0.537 0.540 0.430 0.499 0.493 0.520 0.505 0.536 0.478 0.495 0.494 0.456 0.517 0.512 
0.508 0.472 0.512 0.414 0.422 0.481 0.488 0.463 0.516 0.588 0.522 0.506 0.505 0.563 0.466 0.528 0.444 0.462 0.436 0.501 0.455 0.476 0.542 0.465 0.500 0.494 0.513 0.533 0.474 0.537 0.536 0.491 0.448 0.500 0.569 0.523 0.583 0.431 0.488 0.482 0.506 0.517 0.457 0.516 0.500 0.502 0.458 0.497 0.500 0.456 0.539 0.540 0.433 0.500 0.491 0.513 0.506 0.536 0.483 0.486 0.483 0.455 0.522 0.513 
0.507 0.468 0.504 0.411 0.428 0.480 0.490 0.459 0.520 0.590 0.516 0.509 0.507 0.559 0.468 0.530 0.447 0.462 0.437 0.495 0.455 0.475 0.537 0.466 0.499 0.494 0.515 0.530 0.471 0.536 0.539 0.492 0.454 0.500 0.564 0.523 0.584 0.434 0.480 0.484 0.508 0.526 0.456 0.509 0.503 0.502 0.456 0.506 0.504 0.460 0.532 0.540 0.435 0.504 0.485 0.516 0.508 0.539 0.482 0.495 0.483 0.462 0.518 0.511 
0.508 0.473 0.508 0.414 0.424 0.487 0.487 0.461 0.515 0.590 0.519 0.507 0.503 0.552 0.471 0.526 0.447 0.462 0.436 0.499 0.456 0.481 0.536 0.467 0.497 0.493 0.516 0.529 0.473 0.535 0.542 0.488 0.447 0.499 0.563 0.522 0.578 0.437 0.483 0.484 0.512 0.523 0.452 0.510 0.497 0.509 0.459 0.503 0.505 0.460 0.534 0.542 0.439 0.509 0.489 0.518 0.507 0.534 0.481 0.495 0.489 0.462 0.514 0.511 
0.505 0.471 0.505 0.418 0.421 0.482 0.493 0.466 0.520 0.591 0.521 0.507 0.500 0.560 0.469 0.534 0.443 0.467 0.439 0.499 0.451 0.474 0.533 0.471 0.502 0.491 0.513 0.533 0.472 0.537 0.534 0.491 0.454 0.496 0.562 0.524 0.585 0.433 0.485 0.486 0.507 0.520 0.458 0.514 0.502 0.503 0.458 0.493 0.496 0.462 0.538 0.542 0.436 0.494 0.486 0.517 0.505 0.538 0.482 0.487 0.488 0.462 0.517 0.509 
0.504 0.469 0.506 0.413 0.425 0.482 0.491 0.460 0.517 0.589 0.516 0.509 0.505 0.556 0.465 0.532 0.445 0.465 0.435 0.498 0.451 0.474 0.543 0.465 0.502 0.497 0.510 0.523 0.476 0.533 0.533 0.489 0.454 0.496 0.560 0.526 0.586 0.445 0.486 0.480 0.518 0.514 0.459 0.511 0.503 0.506 0.460 0.493 0.503 0.464 0.526 0.540 0.432 0.498 0.487 0.517 0.506 0.529 0.479 0.498 0.489 0.459 0.515 0.511 
0.504 0.479 0.500 0.421 0.420 0.487 0.486 0.467 0.518 0.593 0.519 0.507 0.507 0.557 0.467 0.528 0.446 0.465 0.440 0.496 0.455 0.473 0.532 0.467 0.503 0.484 0.513 0.530 0.471 0.531 0.535 0.487 0.450 0.492 0.561 0.529 0.584 0.432 0.488 0.492 0.502 0.521 0.460 0.512 0.500 0.503 0.459 0.498 0.503 0.463 0.538 0.542 0.441 0.496 0.493 0.517 0.512 0.541 0.481 0.490 0.485 0.460 0.516 0.511 
0.504 0.469 0.501 0.409 0.422 0.481 0.488 0.458 0.516 0.591 0.523 0.510 0.506 0.559 0.466 0.527 0.441 0.461 0.441 0.497 0.456 0.478 0.537 0.467 0.503 0.493 0.511 0.525 0.470 0.536 0.538 0.491 0.455 0.495 0.555 0.533 0.581 0.435 0.481 0.485 0.502 0.524 0.456 0.509 0.502 0.502 0.460 0.497 0.502 0.459 0.534 0.538 0.433 0.502 0.483 0.518 0.508 0.535 0.482 0.489 0.484 0.457 0.524 0.514 
0.502 0.472 0.505 0.420 0.426 0.492 0.488 0.463 0.518 0.593 0.517 0.505 0.508 0.562 0.468 0.528 0.443 0.463 0.438 0.495 0.454 0.475 0.535 0.464 0.504 0.490 0.509 0.523 0.471 0.533 0.537 0.485 0.455 0.494 0.555 0.526 0.583 0.438 0.487 0.486 0.506 0.524 0.457 0.513 0.505 0.507 0.456 0.502 0.507 0.466 0.535 0.543 0.431 0.503 0.485 0.521 0.505 0.539 0.479 0.493 0.487 0.461 0.516 0.517 
0.504 0.478 0.502 0.411 0.428 0.486 0.488 0.459 0.525 0.588 0.521 0.502 0.500 0.552 0.464 0.533 0.443 0.471 0.438 0.503 0.453 0.478 0.535 0.472 0.503 0.497 0.512 0.525 0.471 0.531 0.533 0.490 0.453 0.496 0.552 0.532 0.586 0.437 0.483 0.486 0.513 0.518 0.461 0.515 0.503 0.507 0.460 0.488 0.502 0.465 0.532 0.543 0.436 0.488 0.486 0.527 0.511 0.539 0.488 0.494 0.491 0.463 0.517 0.510 
0.508 0.477 0.511 0.417 0.417 0.480 0.483 0.467 0.523 0.592 0.518 0.507 0.506 0.560 0.463 0.532 0.441 0.462 0.441 0.499 0.448 0.478 0.537 0.465 0.507 0.495 0.505 0.529 0.475 0.536 0.538 0.486 0.455 0.495 0.561 0.526 0.581 0.436 0.488 0.489 0.499 0.523 0.453 0.514 0.504 0.504 0.464 0.498 0.510 0.463 0.540 0.542 0.431 0.504 0.489 0.518 0.507 0.538 0.486 0.495 0.484 0.457 0.521 0.514 
0.502 0.470 0.507 0.411 0.424 0.482 0.491 0.465 0.523 0.590 0.517 0.509 0.510 0.555 0.470 0.536 0.447 0.469 0.432 0.501 0.452 0.473 0.532 0.466 0.503 0.493 0.517 0.528 0.470 0.528 0.535 0.484 0.451 0.498 0.565 0.520 0.587 0.439 0.491 0.488 0.507 0.519 0.455 0.512 0.505 0.508 0.458 0.494 0.501 0.467 0.536 0.544 0.437 0.496 0.499 0.520 0.508 0.538 0.473 0.499 0.489 0.463 0.512 0.509 
0.506 0.475 0.508 0.417 0.415 0.486 0.488 0.464 0.521 0.595 0.512 0.510 0.508 0.558 0.466 0.529 0.438 0.465 0.440 0.499 0.450 0.479 0.537 0.466 0.508 0.490 0.504 0.527 0.479 0.535 0.535 0.488 0.454 0.496 0.558 0.524 0.583 0.439 0.493 0.481 0.507 0.520 0.454 0.515 0.502 0.505 0.459 0.495 0.509 0.464 0.541 0.539 0.428 0.497 0.490 0.514 0.509 0.534 0.484 0.494 0.483 0.454 0.515 0.514 
0.504 0.471 0.502 0.417 0.420 0.482 0.489 0.465 0.518 0.587 0.519 0.505 0.511 0.554 0.468 0.534 0.444 0.460 0.438 0.499 0.455 0.475 0.531 0.470 0.507 0.491 0.513 0.524 0.467 0.536 0.536 0.491 0.451 0.497 0.560 0.531 0.585 0.436 0.486 0.490 0.505 0.524 0.457 0.511 0.503 0.503 0.455 0.492 0.502 0.462 0.539 0.545 0.434 0.504 0.491 0.518 0.508 0.539 0.477 0.492 0.489 0.455 0.518 0.509 
0.504 0.471 0.510 0.407 0.424 0.486 0.486 0.458 0.526 0.588 0.518 0.506 0.507 0.554 0.467 0.534 0.444 0.475 0.438 0.500 0.455 0.479 0.534 0.469 0.505 0.494 0.511 0.523 0.473 0.536 0.534 0.482 0.454 0.499 0.555 0.528 0.586 0.440 0.488 0.481 0.507 0.524 0.457 0.516 0.504 0.507 0.457 0.492 0.505 0.465 0.533 0.542 0.430 0.493 0.493 0.521 0.509 0.534 0.480 0.499 0.490 0.463 0.515 0.510 
0.504 0.471 0.506 0.410 0.427 0.485 0.492 0.460 0.520 0.583 0.522 0.505 0.498 0.558 0.467 0.528 0.442 0.466 0.438 0.501 0.449 0.475 0.538 0.465 0.503 0.496 0.514 0.529 0.469 0.533 0.538 0.492 0.449 0.500 0.555 0.530 0.585 0.433 0.482 0.477 0.510 0.520 0.458 0.518 0.504 0.509 0.452 0.499 0.501 0.461 0.531 0.542 0.434 0.494 0.490 0.521 0.505 0.532 0.480 0.487 0.489 0.462 0.521 0.507 
0.507 0.471 0.511 0.420 0.417 0.487 0.491 0.467 0.520 0.594 0.516 0.503 0.514 0.559 0.469 0.526 0.443 0.459 0.432 0.500 0.449 0.474 0.536 0.466 0.505 0.489 0.508 0.523 0.474 0.530 0.537 0.487 0.450 0.498 0.562 0.526 0.586 0.436 0.491 0.486 0.506 0.521 0.459 0.514 0.505 0.505 0.453 0.500 0.509 0.465 0.539 0.543 0.429 0.502 0.497 0.515 0.504 0.539 0.474 0.493 0.485 0.458 0.514 0.513 
0.502 0.478 0.500 0.415 0.428 0.488 0.488 0.460 0.518 0.591 0.517 0.507 0.505 0.553 0.464 0.529 0.445 0.470 0.437 0.496 0.455 0.474 0.536 0.470 0.502 0.495 0.515 0.528 0.470 0.532 0.536 0.488 0.450 0.496 0.560 0.525 0.586 0.439 0.486 0.488 0.512 0.517 0.457 0.510 0.503 0.505 0.463 0.493 0.505 0.465 0.531 0.542 0.438 0.496 0.486 0.523 0.510 0.537 0.484 0.498 0.490 0.463 0.514 0.514 
0.501 0.471 0.502 0.416 0.427 0.490 0.488 0.466 0.516 0.592 0.521 0.506 0.500 0.555 0.469 0.528 0.446 0.466 0.443 0.501 0.452 0.472 0.538 0.469 0.500 0.496 0.514 0.526 0.477 0.534 0.535 0.489 0.450 0.494 0.557 0.534 0.583 0.438 0.484 0.481 0.511 0.517 0.461 0.512 0.500 0.508 0.461 0.496 0.503 0.467 0.534 0.540 0.437 0.494 0.488 0.521 0.505 0.533 0.485 0.490 0.491 0.461 0.521 0.512 
0.500 0.469 0.501 0.414 0.426 0.486 0.492 0.460 0.517 0.591 0.521 0.504 0.506 0.558 0.472 0.529 0.453 0.465 0.437 0.497 0.455 0.473 0.539 0.466 0.502 0.492 0.514 0.525 0.470 0.533 0.534 0.493 0.449 0.499 0.561 0.526 0.586 0.434 0.485 0.483 0.508 0.524 0.459 0.513 0.500 0.502 0.454 0.504 0.499 0.461 0.531 0.540 0.433 0.501 0.486 0.518 0.510 0.539 0.477 0.487 0.489 0.463 0.518 0.509 
0.503 0.471 0.502 0.412 0.423 0.482 0.491 0.461 0.520 0.593 0.516 0.513 0.505 0.560 0.466 0.534 0.441 0.464 0.439 0.499 0.449 0.474 0.536 0.468 0.507 0.497 0.510 0.525 0.474 0.533 0.529 0.489 0.454 0.490 0.556 0.531 0.582 0.439 0.490 0.482 0.507 0.519 0.458 0.511 0.501 0.503 0.461 0.494 0.499 0.467 0.535 0.533 0.428 0.494 0.493 0.522 0.505 0.535 0.479 0.492 0.487 0.455 0.521 0.511 
0.507 0.472 0.510 0.414 0.424 0.489 0.490 0.465 0.516 0.586 0.523 0.501 0.507 0.558 0.467 0.529 0.451 0.467 0.438 0.504 0.453 0.474 0.542 0.465 0.499 0.496 0.513 0.528 0.473 0.534 0.537 0.491 0.448 0.501 0.567 0.525 0.585 0.441 0.490 0.486 0.516 0.516 0.459 0.519 0.500 0.501 0.457 0.496 0.497 0.459 0.532 0.542 0.433 0.501 0.490 0.521 0.503 0.536 0.480 0.484 0.488 0.458 0.520 0.515 
0.504 0.472 0.502 0.411 0.426 0.485 0.488 0.459 0.520 0.596 0.521 0.508 0.507 0.556 0.464 0.531 0.442 0.472 0.437 0.496 0.458 0.476 0.534 0.466 0.505 0.493 0.511 0.524 0.471 0.533 0.538 0.487 0.456 0.499 0.557 0.525 0.585 0.440 0.486 0.486 0.507 0.521 0.458 0.514 0.506 0.505 0.461 0.494 0.503 0.463 0.533 0.541 0.431 0.499 0.480 0.517 0.510 0.537 0.482 0.494 0.487 0.463 0.517 0.513 
0.505 0.472 0.500 0.413 0.425 0.482 0.489 0.460 0.520 0.590 0.522 0.508 0.508 0.556 0.470 0.528 0.448 0.469 0.438 0.499 0.454 0.476 0.535 0.467 0.499 0.492 0.518 0.529 0.471 0.532 0.532 0.487 0.454 0.501 0.561 0.521 0.585 0.435 0.483 0.486 0.507 0.523 0.457 0.512 0.500 0.501 0.460 0.499 0.501 0.462 0.530 0.540 0.436 0.501 0.487 0.520 0.509 0.537 0.481 0.492 0.489 0.462 0.517 0.513 
0.503 0.468 0.504 0.411 0.424 0.483 0.490 0.458 0.521 0.588 0.516 0.508 0.506 0.558 0.469 0.531 0.445 0.469 0.436 0.498 0.450 0.478 0.540 0.469 0.502 0.494 0.510 0.526 0.473 0.529 0.527 0.490 0.453 0.500 0.556 0.523 0.581 0.434 0.490 0.481 0.506 0.524 0.457 0.515 0.501 0.506 0.457 0.500 0.503 0.467 0.529 0.535 0.428 0.500 0.490 0.522 0.503 0.533 0.481 0.493 0.486 0.459 0.517 0.510 
0.503 0.472 0.502 0.407 0.423 0.478 0.487 0.457 0.522 0.589 0.520 0.510 0.508 0.557 0.465 0.528 0.442 0.464 0.438 0.501 0.458 0.477 0.534 0.468 0.503 0.497 0.516 0.524 0.468 0.537 0.533 0.487 0.454 0.500 0.555 0.529 0.585 0.438 0.482 0.487 0.505 0.521 0.454 0.508 0.501 0.504 0.466 0.490 0.502 0.461 0.533 0.541 0.433 0.500 0.488 0.517 0.510 0.536 0.479 0.496 0.493 0.458 0.515 0.509 
0.509 0.468 0.508 0.406 0.424 0.482 0.491 0.458 0.514 0.592 0.515 0.513 0.508 0.554 0.460 0.534 0.442 0.472 0.433 0.497 0.457 0.474 0.537 0.466 0.501 0.494 0.511 0.523 0.471 0.533 0.533 0.489 0.445 0.493 0.560 0.524 0.583 0.441 0.490 0.483 0.511 0.517 0.458 0.514 0.499 0.504 0.459 0.491 0.496 0.457 0.532 0.541 0.431 0.496 0.495 0.521 0.502 0.534 0.479 0.489 0.490 0.460 0.517 0.514 
0.501 0.472 0.509 0.409 0.422 0.478 0.489 0.465 0.526 0.590 0.517 0.511 0.505 0.559 0.469 0.537 0.445 0.462 0.442 0.501 0.446 0.473 0.532 0.471 0.506 0.493 0.512 0.531 0.469 0.536 0.531 0.489 0.456 0.492 0.556 0.527 0.583 0.433 0.489 0.480 0.505 0.521 0.454 0.509 0.504 0.507 0.463 0.494 0.504 0.469 0.540 0.541 0.430 0.487 0.496 0.515 0.504 0.532 0.480 0.502 0.489 0.460 0.517 0.506 
0.501 0.474 0.503 0.416 0.426 0.487 0.485 0.463 0.521 0.591 0.521 0.506 0.505 0.554 0.462 0.527 0.441 0.464 0.437 0.501 0.459 0.473 0.538 0.468 0.503 0.495 0.513 0.524 0.471 0.531 0.536 0.486 0.450 0.493 0.550 0.528 0.583 0.435 0.481 0.486 0.509 0.519 0.458 0.511 0.505 0.508 0.459 0.490 0.504 0.463 0.535 0.545 0.435 0.494 0.487 0.521 0.506 0.538 0.482 0.496 0.489 0.461 0.515 0.513 
0.504 0.467 0.503 0.411 0.422 0.484 0.489 0.460 0.516 0.588 0.521 0.509 0.508 0.560 0.464 0.526 0.445 0.465 0.438 0.499 0.460 0.473 0.538 0.468 0.500 0.495 0.511 0.528 0.471 0.531 0.531 0.491 0.451 0.500 0.560 0.530 0.585 0.437 0.489 0.489 0.507 0.520 0.457 0.506 0.497 0.497 0.466 0.491 0.501 0.458 0.531 0.538 0.434 0.496 0.482 0.520 0.504 0.540 0.479 0.488 0.484 0.454 0.521 0.510 
0.502 0.478 0.504 0.414 0.421 0.489 0.491 0.461 0.514 0.591 0.518 0.509 0.508 0.552 0.463 0.528 0.447 0.468 0.438 0.496 0.455 0.472 0.540 0.465 0.506 0.493 0.515 0.527 0.471 0.533 0.534 0.490 0.447 0.496 0.562 0.522 0.586 0.440 0.491 0.485 0.510 0.514 0.457 0.510 0.500 0.501 0.459 0.492 0.501 0.457 0.530 0.542 0.437 0.498 0.490 0.523 0.509 0.537 0.481 0.489 0.484 0.459 0.519 0.517 
0.501 0.476 0.507 0.421 0.420 0.487 0.489 0.464 0.519 0.591 0.518 0.506 0.504 0.551 0.466 0.526 0.443 0.468 0.440 0.501 0.451 0.474 0.538 0.470 0.504 0.497 0.513 0.528 0.477 0.537 0.535 0.483 0.452 0.500 0.559 0.522 0.587 0.440 0.485 0.483 0.512 0.520 0.459 0.514 0.503 0.509 0.459 0.493 0.510 0.465 0.535 0.544 0.438 0.498 0.486 0.519 0.510 0.536 0.483 0.497 0.490 0.460 0.515 0.509 
0.501 0.476 0.504 0.415 0.427 0.483 0.488 0.465 0.519 0.593 0.519 0.505 0.505 0.554 0.470 0.535 0.451 0.471 0.438 0.495 0.450 0.477 0.535 0.465 0.502 0.494 0.508 0.522 0.474 0.528 0.533 0.486 0.457 0.493 0.561 0.522 0.585 0.436 0.487 0.484 0.510 0.517 0.458 0.514 0.498 0.509 0.460 0.498 0.503 0.469 0.528 0.542 0.435 0.497 0.485 0.521 0.509 0.533 0.481 0.497 0.490 0.467 0.518 0.514 
0.509 0.472 0.508 0.407 0.429 0.477 0.492 0.461 0.512 0.588 0.521 0.503 0.504 0.561 0.465 0.530 0.444 0.468 0.435 0.498 0.459 0.477 0.537 0.469 0.504 0.494 0.513 0.523 0.469 0.534 0.533 0.496 0.446 0.500 0.567 0.524 0.582 0.433 0.488 0.489 0.517 0.521 0.466 0.508 0.501 0.505 0.455 0.496 0.498 0.458 0.530 0.543 0.434 0.500 0.487 0.521 0.505 0.542 0.483 0.483 0.483 0.462 0.523 0.517 
0.507 0.473 0.509 0.417 0.427 0.484 0.490 0.464 0.519 0.590 0.524 0.504 0.502 0.558 0.466 0.530 0.445 0.463 0.438 0.500 0.452 0.474 0.534 0.466 0.504 0.493 0.511 0.529 0.472 0.536 0.540 0.489 0.453 0.496 0.562 0.530 0.584 0.435 0.484 0.483 0.505 0.520 0.459 0.511 0.502 0.508 0.456 0.499 0.503 0.464 0.535 0.542 0.436 0.498 0.489 0.516 0.505 0.535 0.479 0.490 0.487 0.463 0.521 0.511 
0.504 0.472 0.501 0.423 0.420 0.492 0.490 0.460 0.515 0.588 0.516 0.505 0.506 0.560 0.461 0.528 0.439 0.459 0.436 0.499 0.458 0.473 0.535 0.466 0.504 0.492 0.509 0.524 0.473 0.534 0.534 0.485 0.450 0.492 0.557 0.532 0.585 0.435 0.482 0.488 0.499 0.520 0.454 0.511 0.498 0.503 0.456 0.490 0.501 0.461 0.538 0.542 0.436 0.496 0.490 0.522 0.507 0.540 0.477 0.486 0.485 0.452 0.517 0.513 
0.501 0.472 0.506 0.412 0.421 0.484 0.490 0.461 0.521 0.592 0.515 0.506 0.505 0.557 0.468 0.535 0.444 0.460 0.438 0.499 0.451 0.475 0.539 0.469 0.503 0.497 0.512 0.524 0.471 0.531 0.530 0.490 0.450 0.495 0.557 0.526 0.586 0.434 0.487 0.479 0.510 0.521 0.456 0.512 0.503 0.506 0.460 0.493 0.504 0.466 0.536 0.540 0.433 0.491 0.488 0.519 0.509 0.537 0.482 0.499 0.488 0.460 0.516 0.509 
0.505 0.478 0.504 0.418 0.419 0.487 0.489 0.465 0.524 0.593 0.516 0.505 0.509 0.555 0.469 0.532 0.445 0.465 0.439 0.501 0.448 0.480 0.535 0.468 0.505 0.495 0.508 0.524 0.471 0.531 0.533 0.487 0.456 0.495 0.557 0.526 0.583 0.441 0.490 0.485 0.510 0.521 0.456 0.518 0.501 0.507 0.461 0.494 0.506 0.469 0.536 0.541 0.433 0.499 0.489 0.522 0.510 0.536 0.483 0.499 0.489 0.457 0.513 0.512 
0.507 0.470 0.504 0.416 0.422 0.485 0.494 0.461 0.517 0.587 0.520 0.505 0.505 0.555 0.467 0.530 0.449 0.465 0.433 0.499 0.454 0.471 0.540 0.467 0.500 0.496 0.513 0.526 0.475 0.531 0.533 0.490 0.449 0.502 0.562 0.524 0.588 0.437 0.489 0.483 0.508 0.522 0.458 0.509 0.500 0.501 0.456 0.500 0.500 0.461 0.527 0.539 0.437 0.502 0.488 0.520 0.503 0.537 0.478 0.487 0.488 0.464 0.517 0.512 
